43
31
37
37
34
51
59
35
50
50
57
34
14
4
55
9
13
1
13
43
51
54
12
56
28
57
43
28
15
14
48
57
1
57
27
8
8
29
39
25
43
9
50
52
5
45
47
23
26
44
52
49
8
27
40
23
56
20
46
31
58
52
52
22
9
3
58
23
3
22
22
36
45
59
18
57
2
27
15
33
17
15
12
60
50
42
59
52
28
17
9
14
47
42
27
46
43
43
18
38
23
59
8
33
52
2
28
44
31
60
45
37
53
52
23
58
60
41
32
8
59
27
35
30
50
14
47
26
24
23
36
8
4
18
37
14
45
53
6
47
34
46
35
2
15
13
22
58
44
41
9
17
60
10
41
16
31
56
49
37
14
46
14
22
41
42
52
48
40
39
43
6
13
50
36
29
2
42
2
59
8
39
4
58
21
33
37
42
56
6
34
2
51
59
7
18
52
59
47
60
33
4
59
13
59
45
49
23
35
42
25
1
1
15
37
48
33
27
5
11
53
28
55
22
33
14
41
12
54
16
11
11
17
17
32
55
15
24
54
27
36
33
48
2
43
28
27
35
15
11
50
42
8
6
51
13
38
18
60
9
25
49
53
1
12
31
59
9
4
33
26
2
11
26
27
6
23
4
17
47
20
53
25
48
2
1
43
20
42
16
36
55
51
6
25
57
23
23
54
33
29
39
49
45
49
45
15
55
2
41
45
45
26
9
46
28
11
9
50
7
34
2
56
2
28
42
11
47
33
35
58
